brazil_limits:  (-73.981934,-34.792929, -33.750035, 5.271478)
no_data_val: -9999.0
default_epsg: 4326